#Bjellqvist, DTASelect, Dawson, EMBOSS, Grimsley, IPC_peptide, IPC_protein, Lehninger, Nozaki, Patrickios, ProMoST, Rodwell, Sillero, Solomon, Thurlkill, Toseland, Wikipedia, Avg_pI

>Swi6 Subset 0||Molecular weight: 1181.42 Da
11.096, 11.096, 11.301, 11.681, 11.345, 11.564, 11.169, 11.506, 11.228, 11.374, 11.828, 11.52, 11.242, 11.564, 11.242, 11.242, 11.594, 11.389
MKKGGVRSYR
>Swi6 Subset 1||Molecular weight: 1206.42 Da
11.74, 11.74, 11.769, 12.252, 11.813, 12.237, 11.637, 12.135, 11.754, 11.506, 12.296, 11.681, 11.769, 12.223, 11.754, 11.769, 12.223, 11.925
KKGGVRSYRR
>Swi6 Subset 2||Molecular weight: 1165.32 Da
11.725, 11.725, 11.754, 12.223, 11.784, 12.223, 11.637, 12.12, 11.725, 11.374, 12.208, 11.52, 11.74, 12.223, 11.74, 11.74, 12.208, 11.893
KGGVRSYRRS
>Swi6 Subset 3||Molecular weight: 1124.22 Da
11.711, 11.711, 11.711, 12.208, 11.754, 12.208, 11.637, 12.106, 11.711, 11.199, 12.208, 11.242, 11.711, 12.208, 11.711, 11.711, 12.193, 11.859
GGVRSYRRSS
>Swi6 Subset 4||Molecular weight: 1168.28 Da
11.711, 11.711, 11.711, 12.208, 11.754, 12.208, 11.637, 12.106, 11.711, 11.199, 12.208, 11.242, 11.711, 12.208, 11.711, 11.711, 12.193, 11.859
GVRSYRRSST
>Swi6 Subset 5||Molecular weight: 1198.3 Da
11.711, 11.711, 11.711, 12.208, 11.754, 12.208, 11.637, 12.106, 11.711, 11.199, 12.208, 11.242, 11.711, 12.208, 11.711, 11.711, 12.193, 11.859
VRSYRRSSTS
>Swi6 Subset 6||Molecular weight: 1227.35 Da
11.725, 11.725, 11.754, 12.223, 11.784, 12.223, 11.637, 12.12, 11.725, 11.374, 12.296, 11.52, 11.74, 12.223, 11.74, 11.74, 12.208, 11.899
RSYRRSSTSK
>Swi6 Subset 7||Molecular weight: 1227.35 Da
11.725, 11.725, 11.754, 12.223, 11.784, 12.223, 11.637, 12.12, 11.725, 11.374, 12.296, 11.52, 11.74, 12.223, 11.74, 11.74, 12.208, 11.899
SYRRSSTSKR
>Swi6 Subset 8||Molecular weight: 1227.35 Da
11.725, 11.725, 11.754, 12.223, 11.784, 12.223, 11.637, 12.12, 11.725, 11.374, 12.208, 11.52, 11.74, 12.223, 11.74, 11.74, 12.208, 11.893
YRRSSTSKRS
>Swi6 Subset 9||Molecular weight: 1163.3 Da
12.31, 12.31, 12.31, 12.808, 12.354, 12.808, 12.149, 12.705, 12.31, 11.798, 12.837, 11.974, 12.31, 12.808, 12.31, 12.31, 12.778, 12.462
RRSSTSKRSV
>Swi6 Subset 10||Molecular weight: 1120.27 Da
12.003, 12.003, 12.032, 12.515, 12.062, 12.515, 11.842, 12.413, 12.018, 11.681, 12.574, 11.798, 12.018, 12.515, 12.018, 12.018, 12.486, 12.177
RSSTSKRSVI
>Swi6 Subset 11||Molecular weight: 1079.18 Da
8.463, 9.004, 9.341, 9.692, 9.092, 10.043, 9.077, 10.087, 8.946, 10.906, 7.044, 9.604, 9.297, 10.043, 9.194, 9.575, 9.37, 9.242
SSTSKRSVID
>Swi6 Subset 12||Molecular weight: 1107.19 Da
5.855, 6.351, 6.224, 6.453, 5.817, 6.854, 6.478, 6.898, 5.97, 7.702, 4.342, 6.02, 6.262, 6.883, 6.071, 6.338, 6.249, 6.192
STSKRSVIDD
>Swi6 Subset 13||Molecular weight: 1135.2 Da
4.673, 4.711, 4.253, 4.317, 3.935, 4.202, 4.202, 4.177, 4.431, 4.673, 4.062, 4.05, 4.342, 4.215, 4.151, 3.999, 4.317, 4.252
TSKRSVIDDD
>Swi6 Subset 14||Molecular weight: 1121.17 Da
4.431, 4.711, 4.253, 4.317, 3.935, 4.202, 4.202, 4.177, 4.431, 4.673, 4.457, 4.05, 4.342, 4.215, 4.151, 3.999, 4.317, 4.262
SKRSVIDDDS
>Swi6 Subset 15||Molecular weight: 1163.21 Da
4.457, 4.418, 4.05, 4.062, 3.783, 3.999, 4.037, 3.961, 4.228, 4.38, 4.342, 3.884, 4.164, 4.012, 3.961, 3.846, 4.062, 4.079
KRSVIDDDSE
>Swi6 Subset 16||Molecular weight: 1132.15 Da
3.834, 3.986, 3.656, 3.694, 3.389, 3.541, 3.592, 3.503, 3.859, 4.024, 4.164, 3.478, 3.745, 3.541, 3.592, 3.439, 3.706, 3.67
RSVIDDDSEP
>Swi6 Subset 17||Molecular weight: 1105.08 Da
3.554, 3.312, 3.121, 3.198, 2.905, 2.791, 2.994, 2.753, 3.363, 3.503, 3.287, 2.956, 3.198, 2.804, 3.109, 2.943, 3.198, 3.093
SVIDDDSEPE
>Swi6 Subset 18||Molecular weight: 1131.16 Da
3.338, 3.312, 3.121, 3.198, 2.905, 2.791, 2.994, 2.753, 3.363, 3.503, 3.389, 2.956, 3.198, 2.804, 3.109, 2.943, 3.198, 3.086
VIDDDSEPEL
>Swi6 Subset 19||Molecular weight: 1129.14 Da
3.338, 3.312, 3.121, 3.198, 2.905, 2.791, 2.994, 2.753, 3.363, 3.503, 3.389, 2.956, 3.198, 2.804, 3.109, 2.943, 3.198, 3.086
IDDDSEPELP
>Swi6 Subset 20||Molecular weight: 1103.06 Da
3.338, 3.312, 3.121, 3.198, 2.905, 2.791, 2.994, 2.753, 3.363, 3.503, 3.541, 2.956, 3.198, 2.804, 3.109, 2.943, 3.198, 3.095
DDDSEPELPS
>Swi6 Subset 21||Molecular weight: 1119.17 Da
3.439, 3.376, 3.21, 3.3, 3.045, 2.867, 3.096, 2.829, 3.478, 3.592, 3.694, 3.071, 3.3, 2.88, 3.249, 3.071, 3.3, 3.2
DDSEPELPSM
>Swi6 Subset 22||Molecular weight: 1105.18 Da
3.579, 3.452, 3.35, 3.427, 3.223, 2.982, 3.223, 2.943, 3.63, 3.719, 3.884, 3.223, 3.427, 2.994, 3.439, 3.249, 3.427, 3.341
DSEPELPSMT
>Swi6 Subset 23||Molecular weight: 1118.27 Da
4.533, 4.444, 4.355, 4.253, 4.279, 4.329, 4.431, 4.266, 4.533, 4.495, 4.546, 4.304, 4.533, 4.317, 4.393, 4.342, 4.253, 4.382
SEPELPSMTK
>Swi6 Subset 24||Molecular weight: 1160.3 Da
4.52, 4.151, 4.075, 3.986, 3.999, 4.024, 4.139, 3.961, 4.253, 4.202, 4.266, 4.012, 4.253, 4.012, 4.113, 4.062, 3.973, 4.112
EPELPSMTKE
>Swi6 Subset 25||Molecular weight: 1102.27 Da
4.533, 4.444, 4.355, 4.253, 4.279, 4.329, 4.431, 4.266, 4.533, 4.495, 4.507, 4.304, 4.533, 4.317, 4.393, 4.342, 4.253, 4.379
PELPSMTKEA
>Swi6 Subset 26||Molecular weight: 1118.31 Da
4.533, 4.444, 4.355, 4.253, 4.279, 4.329, 4.431, 4.266, 4.533, 4.495, 4.851, 4.304, 4.533, 4.317, 4.393, 4.342, 4.253, 4.401
ELPSMTKEAI
>Swi6 Subset 27||Molecular weight: 1060.27 Da
5.995, 6.211, 6.262, 6.415, 5.982, 6.927, 6.59, 6.942, 5.995, 7.702, 6.059, 6.135, 6.364, 6.927, 6.173, 6.517, 6.198, 6.356
LPSMTKEAIA
>Swi6 Subset 28||Molecular weight: 1034.19 Da
6.427, 6.211, 6.262, 6.415, 5.982, 6.927, 6.59, 6.942, 5.995, 7.702, 5.677, 6.135, 6.364, 6.927, 6.173, 6.517, 6.198, 6.359
PSMTKEAIAS
>Swi6 Subset 29||Molecular weight: 1074.22 Da
6.465, 7.249, 7.102, 7.556, 7.146, 7.775, 7.22, 7.819, 6.898, 7.702, 5.588, 7.0, 7.307, 7.775, 7.278, 7.512, 7.117, 7.176
SMTKEAIASH
>Swi6 Subset 30||Molecular weight: 1115.31 Da
8.361, 8.843, 9.194, 9.545, 8.96, 9.838, 8.77, 9.882, 8.814, 10.906, 9.56, 9.604, 9.136, 9.838, 9.048, 9.414, 9.209, 9.251
MTKEAIASHK
>Swi6 Subset 31||Molecular weight: 1055.2 Da
8.287, 8.843, 9.194, 9.545, 8.96, 9.838, 8.77, 9.882, 8.814, 10.906, 8.536, 9.604, 9.136, 9.838, 9.048, 9.414, 9.209, 9.183
TKEAIASHKA
>Swi6 Subset 32||Molecular weight: 1069.18 Da
6.766, 7.249, 7.102, 7.556, 7.146, 7.746, 7.132, 7.79, 6.912, 7.702, 7.761, 7.0, 7.307, 7.761, 7.263, 7.512, 7.117, 7.32
KEAIASHKAD
>Swi6 Subset 33||Molecular weight: 1028.09 Da
5.321, 5.614, 5.245, 5.448, 5.448, 5.258, 5.105, 5.219, 5.461, 4.495, 5.512, 5.194, 5.525, 5.245, 5.486, 5.372, 5.232, 5.355
EAIASHKADS
>Swi6 Subset 34||Molecular weight: 956.02 Da
6.795, 7.249, 7.102, 7.556, 7.146, 7.775, 7.205, 7.819, 6.898, 7.702, 6.795, 7.0, 7.293, 7.775, 7.263, 7.512, 7.117, 7.269
AIASHKADSG
>Swi6 Subset 35||Molecular weight: 972.02 Da
6.737, 7.249, 7.102, 7.556, 7.146, 7.775, 7.205, 7.819, 6.898, 7.702, 6.478, 7.0, 7.293, 7.775, 7.263, 7.512, 7.117, 7.245
IASHKADSGS
>Swi6 Subset 36||Molecular weight: 945.94 Da
6.795, 7.249, 7.102, 7.556, 7.146, 7.775, 7.205, 7.819, 6.898, 7.702, 6.478, 7.0, 7.293, 7.775, 7.263, 7.512, 7.117, 7.249
ASHKADSGSS
>Swi6 Subset 37||Molecular weight: 989.95 Da
5.372, 5.614, 5.13, 5.41, 5.245, 5.118, 4.94, 5.092, 5.359, 4.495, 4.329, 5.029, 5.372, 5.118, 5.347, 5.156, 5.194, 5.177
SHKADSGSSD
>Swi6 Subset 38||Molecular weight: 1016.98 Da
5.207, 5.614, 5.13, 5.41, 5.245, 5.118, 4.94, 5.092, 5.359, 4.495, 6.364, 5.029, 5.372, 5.118, 5.347, 5.156, 5.194, 5.293
HKADSGSSDN
>Swi6 Subset 39||Molecular weight: 1008.95 Da
4.317, 4.151, 3.834, 3.872, 3.605, 3.745, 3.795, 3.706, 4.05, 4.202, 4.19, 3.681, 3.948, 3.745, 3.808, 3.656, 3.884, 3.874
KADSGSSDNE
>Swi6 Subset 40||Molecular weight: 979.91 Da
3.49, 3.452, 3.261, 3.376, 3.083, 2.905, 3.134, 2.867, 3.541, 3.719, 3.579, 3.109, 3.338, 2.918, 3.3, 3.109, 3.389, 3.241
ADSGSSDNEV
>Swi6 Subset 41||Molecular weight: 1037.95 Da
3.694, 3.376, 3.21, 3.3, 3.045, 2.867, 3.096, 2.829, 3.478, 3.592, 3.567, 3.071, 3.3, 2.88, 3.249, 3.071, 3.3, 3.208
DSGSSDNEVE
>Swi6 Subset 42||Molecular weight: 1009.94 Da
3.579, 3.452, 3.35, 3.427, 3.223, 2.982, 3.223, 2.943, 3.63, 3.719, 3.605, 3.223, 3.427, 2.994, 3.439, 3.249, 3.427, 3.323
SGSSDNEVES
>Swi6 Subset 43||Molecular weight: 1037.95 Da
3.681, 3.376, 3.21, 3.3, 3.045, 2.867, 3.096, 2.829, 3.478, 3.592, 3.274, 3.071, 3.3, 2.88, 3.249, 3.071, 3.3, 3.189
GSSDNEVESD
>Swi6 Subset 44||Molecular weight: 1118.04 Da
3.91, 3.986, 3.732, 3.732, 3.528, 3.63, 3.694, 3.579, 3.923, 3.592, 3.897, 3.579, 3.846, 3.63, 3.706, 3.579, 3.732, 3.73
SSDNEVESDH
>Swi6 Subset 45||Molecular weight: 1160.07 Da
4.037, 3.872, 3.643, 3.643, 3.452, 3.541, 3.617, 3.503, 3.846, 3.503, 3.745, 3.516, 3.77, 3.541, 3.63, 3.516, 3.63, 3.656
SDNEVESDHE
>Swi6 Subset 46||Molecular weight: 1160.07 Da
3.834, 3.872, 3.643, 3.643, 3.452, 3.541, 3.617, 3.503, 3.846, 3.503, 4.024, 3.516, 3.77, 3.541, 3.63, 3.516, 3.63, 3.661
DNEVESDHES
>Swi6 Subset 47||Molecular weight: 1173.16 Da
4.393, 4.418, 4.228, 4.151, 4.101, 4.215, 4.279, 4.151, 4.393, 4.024, 4.418, 4.151, 4.406, 4.202, 4.215, 4.177, 4.126, 4.252
NEVESDHESK
>Swi6 Subset 48||Molecular weight: 1146.13 Da
4.393, 4.418, 4.228, 4.151, 4.101, 4.215, 4.279, 4.151, 4.393, 4.024, 4.609, 4.151, 4.406, 4.202, 4.215, 4.177, 4.126, 4.263
EVESDHESKS
>Swi6 Subset 49||Molecular weight: 1104.1 Da
4.647, 4.711, 4.495, 4.418, 4.368, 4.482, 4.52, 4.418, 4.647, 4.202, 4.673, 4.406, 4.673, 4.469, 4.482, 4.431, 4.406, 4.515
VESDHESKSS
>Swi6 Subset 50||Molecular weight: 1092.04 Da
4.647, 4.711, 4.495, 4.418, 4.368, 4.482, 4.52, 4.418, 4.647, 4.202, 4.902, 4.406, 4.673, 4.469, 4.482, 4.431, 4.406, 4.53
ESDHESKSSS
>Swi6 Subset 51||Molecular weight: 1091.1 Da
6.465, 7.249, 7.102, 7.556, 7.146, 7.746, 7.132, 7.79, 6.912, 7.702, 7.732, 7.0, 7.307, 7.761, 7.263, 7.512, 7.117, 7.299
SDHESKSSSK
>Swi6 Subset 52||Molecular weight: 1132.2 Da
8.507, 8.741, 9.092, 9.443, 8.873, 9.721, 8.58, 9.765, 8.712, 10.716, 9.37, 9.516, 9.048, 9.721, 8.96, 9.311, 9.121, 9.155
DHESKSSSKK
>Swi6 Subset 53||Molecular weight: 1130.27 Da
9.706, 9.706, 10.204, 10.511, 10.204, 10.306, 9.063, 10.321, 10.101, 11.199, 9.502, 11.199, 10.101, 10.306, 10.101, 10.175, 10.248, 10.11
HESKSSSKKL
>Swi6 Subset 54||Molecular weight: 1121.3 Da
9.999, 9.999, 10.496, 10.804, 10.496, 10.555, 9.238, 10.555, 10.394, 11.374, 10.014, 11.506, 10.409, 10.54, 10.409, 10.452, 10.54, 10.4
ESKSSSKKLK
>Swi6 Subset 55||Molecular weight: 1121.3 Da
9.999, 9.999, 10.496, 10.804, 10.496, 10.555, 9.238, 10.555, 10.394, 11.374, 9.794, 11.506, 10.409, 10.54, 10.409, 10.452, 10.54, 10.387
SKSSSKKLKE
>Swi6 Subset 56||Molecular weight: 1148.32 Da
9.999, 9.999, 10.496, 10.804, 10.496, 10.555, 9.238, 10.555, 10.394, 11.374, 10.087, 11.506, 10.409, 10.54, 10.409, 10.452, 10.54, 10.405
KSSSKKLKEN
>Swi6 Subset 57||Molecular weight: 1091.23 Da
9.706, 9.706, 10.204, 10.511, 10.204, 10.306, 9.063, 10.321, 10.101, 11.199, 9.502, 11.199, 10.101, 10.306, 10.101, 10.175, 10.248, 10.11
SSSKKLKENA
>Swi6 Subset 58||Molecular weight: 1132.33 Da
9.999, 9.999, 10.496, 10.804, 10.496, 10.555, 9.238, 10.555, 10.394, 11.374, 10.014, 11.506, 10.409, 10.54, 10.409, 10.452, 10.54, 10.4
SSKKLKENAK
>Swi6 Subset 59||Molecular weight: 1174.36 Da
9.531, 9.545, 10.028, 10.335, 10.028, 10.145, 8.887, 10.16, 9.926, 11.023, 9.326, 11.023, 9.94, 10.145, 9.926, 9.999, 10.072, 9.939
SKKLKENAKE
>Swi6 Subset 60||Molecular weight: 1216.4 Da
8.434, 8.668, 9.019, 9.37, 8.785, 9.633, 8.463, 9.663, 8.639, 10.599, 9.268, 9.443, 8.975, 9.633, 8.873, 9.238, 9.048, 9.072
KKLKENAKEE
>Swi6 Subset 61||Molecular weight: 1217.34 Da
5.118, 4.889, 4.787, 4.622, 4.698, 4.8, 4.889, 4.724, 4.914, 4.8, 5.003, 4.736, 4.991, 4.774, 4.774, 4.787, 4.609, 4.82
KLKENAKEEE
>Swi6 Subset 62||Molecular weight: 1146.22 Da
4.495, 4.418, 4.329, 4.19, 4.24, 4.317, 4.418, 4.253, 4.469, 4.38, 4.507, 4.279, 4.52, 4.304, 4.329, 4.317, 4.177, 4.348
LKENAKEEEG
>Swi6 Subset 63||Molecular weight: 1090.11 Da
4.495, 4.418, 4.329, 4.19, 4.24, 4.317, 4.418, 4.253, 4.469, 4.38, 4.927, 4.279, 4.52, 4.304, 4.329, 4.317, 4.177, 4.374
KENAKEEEGG
>Swi6 Subset 64||Molecular weight: 1091.05 Da
4.19, 3.872, 3.795, 3.706, 3.732, 3.732, 3.859, 3.668, 3.986, 3.897, 4.037, 3.745, 3.973, 3.719, 3.846, 3.795, 3.694, 3.834
ENAKEEEGGE
>Swi6 Subset 65||Molecular weight: 1091.05 Da
4.19, 3.872, 3.795, 3.706, 3.732, 3.732, 3.859, 3.668, 3.986, 3.897, 3.859, 3.745, 3.973, 3.719, 3.846, 3.795, 3.694, 3.823
NAKEEEGGEE
>Swi6 Subset 66||Molecular weight: 1106.06 Da
4.088, 3.783, 3.719, 3.617, 3.643, 3.643, 3.77, 3.579, 3.897, 3.808, 3.821, 3.656, 3.884, 3.63, 3.757, 3.706, 3.605, 3.737
AKEEEGGEEE
>Swi6 Subset 67||Molecular weight: 1164.1 Da
3.999, 3.719, 3.643, 3.541, 3.579, 3.567, 3.694, 3.503, 3.834, 3.719, 3.935, 3.592, 3.808, 3.554, 3.681, 3.63, 3.528, 3.675
KEEEGGEEEE
>Swi6 Subset 68||Molecular weight: 1165.04 Da
3.579, 3.185, 3.147, 3.121, 3.109, 2.842, 3.096, 2.778, 3.389, 3.3, 3.478, 3.083, 3.274, 2.842, 3.249, 3.134, 3.109, 3.151
EEEGGEEEEE
>Swi6 Subset 69||Molecular weight: 1151.02 Da
3.49, 3.185, 3.109, 3.096, 3.007, 2.791, 3.032, 2.74, 3.338, 3.3, 3.3, 3.007, 3.223, 2.791, 3.16, 3.032, 3.083, 3.087
EEGGEEEEED
>Swi6 Subset 70||Molecular weight: 1151.02 Da
3.516, 3.185, 3.109, 3.096, 3.007, 2.791, 3.032, 2.74, 3.338, 3.3, 3.427, 3.007, 3.223, 2.791, 3.16, 3.032, 3.083, 3.096
EGGEEEEEDE
>Swi6 Subset 71||Molecular weight: 1185.08 Da
3.35, 3.223, 3.134, 3.147, 3.045, 2.829, 3.058, 2.778, 3.389, 1.647, 3.401, 3.045, 3.249, 2.829, 3.198, 3.071, 3.134, 3.118
GGEEEEEDEY
>Swi6 Subset 72||Molecular weight: 1227.16 Da
3.35, 3.223, 3.134, 3.147, 3.045, 2.829, 3.058, 2.778, 3.389, 1.647, 3.401, 3.045, 3.249, 2.829, 3.198, 3.071, 3.134, 3.118
GEEEEEDEYV
>Swi6 Subset 73||Molecular weight: 1269.24 Da
3.35, 3.223, 3.134, 3.147, 3.045, 2.829, 3.058, 2.778, 3.389, 1.647, 3.567, 3.045, 3.249, 2.829, 3.198, 3.071, 3.134, 3.128
EEEEEDEYVV
>Swi6 Subset 74||Molecular weight: 1269.24 Da
3.567, 3.223, 3.134, 3.147, 3.045, 2.829, 3.058, 2.778, 3.389, 1.647, 3.478, 3.045, 3.249, 2.829, 3.198, 3.071, 3.134, 3.136
EEEEDEYVVE
>Swi6 Subset 75||Molecular weight: 1268.3 Da
3.834, 3.783, 3.643, 3.592, 3.516, 3.554, 3.668, 3.503, 3.834, 3.427, 4.024, 3.554, 3.795, 3.554, 3.656, 3.579, 3.579, 3.667
EEEDEYVVEK
>Swi6 Subset 76||Molecular weight: 1238.31 Da
3.91, 3.872, 3.719, 3.668, 3.592, 3.643, 3.732, 3.579, 3.91, 3.503, 4.126, 3.617, 3.872, 3.63, 3.732, 3.643, 3.668, 3.745
EEDEYVVEKV
>Swi6 Subset 77||Molecular weight: 1222.36 Da
3.999, 3.986, 3.821, 3.783, 3.681, 3.745, 3.834, 3.681, 4.012, 3.592, 4.253, 3.719, 3.961, 3.732, 3.821, 3.732, 3.77, 3.845
EDEYVVEKVL
>Swi6 Subset 78||Molecular weight: 1221.42 Da
4.685, 4.711, 4.52, 4.431, 4.368, 4.495, 4.571, 4.444, 4.66, 4.202, 4.889, 4.418, 4.685, 4.482, 4.482, 4.444, 4.418, 4.544
DEYVVEKVLK
>Swi6 Subset 79||Molecular weight: 1243.47 Da
6.854, 7.249, 7.102, 7.541, 7.146, 7.702, 7.132, 7.717, 6.912, 4.507, 5.741, 7.0, 7.293, 7.702, 7.263, 7.483, 7.117, 7.185
EYVVEKVLKH
>Swi6 Subset 80||Molecular weight: 1270.54 Da
9.706, 9.706, 10.058, 10.248, 10.131, 10.175, 9.341, 10.175, 9.794, 10.716, 10.394, 10.496, 9.955, 10.189, 9.897, 9.867, 10.218, 10.022
YVVEKVLKHR
>Swi6 Subset 81||Molecular weight: 1238.56 Da
9.999, 9.999, 10.482, 10.789, 10.482, 10.584, 9.37, 10.584, 10.379, 11.199, 9.794, 11.199, 10.379, 10.57, 10.379, 10.438, 10.54, 10.373
VVEKVLKHRM
>Swi6 Subset 82||Molecular weight: 1210.5 Da
9.999, 9.999, 10.482, 10.789, 10.482, 10.584, 9.37, 10.584, 10.379, 11.199, 9.809, 11.199, 10.379, 10.57, 10.379, 10.438, 10.54, 10.374
VEKVLKHRMA
>Swi6 Subset 83||Molecular weight: 1267.56 Da
10.994, 11.008, 11.257, 11.652, 11.272, 11.52, 10.54, 11.477, 11.199, 11.374, 11.813, 11.506, 11.199, 11.52, 11.199, 11.228, 11.506, 11.306
EKVLKHRMAR
>Swi6 Subset 84||Molecular weight: 1266.62 Da
12.018, 12.018, 12.062, 12.544, 12.106, 12.53, 11.842, 12.427, 12.062, 11.901, 12.515, 12.106, 12.062, 12.53, 12.062, 12.062, 12.501, 12.215
KVLKHRMARK
>Swi6 Subset 85||Molecular weight: 1195.49 Da
12.018, 12.018, 12.047, 12.53, 12.091, 12.515, 11.842, 12.427, 12.032, 11.798, 12.501, 11.974, 12.032, 12.515, 12.032, 12.047, 12.501, 12.195
VLKHRMARKG
>Swi6 Subset 86||Molecular weight: 1153.41 Da
12.018, 12.018, 12.047, 12.53, 12.091, 12.515, 11.842, 12.427, 12.032, 11.798, 12.501, 11.974, 12.032, 12.515, 12.032, 12.047, 12.501, 12.195
LKHRMARKGG
>Swi6 Subset 87||Molecular weight: 1097.31 Da
12.018, 12.018, 12.047, 12.53, 12.091, 12.515, 11.842, 12.427, 12.032, 11.798, 12.515, 11.974, 12.032, 12.515, 12.032, 12.047, 12.501, 12.196
KHRMARKGGG
>Swi6 Subset 88||Molecular weight: 1132.31 Da
10.994, 11.008, 11.169, 11.535, 11.228, 11.447, 11.155, 11.389, 11.067, 11.199, 11.199, 11.242, 11.125, 11.447, 11.096, 11.096, 11.491, 11.231
HRMARKGGGY
>Swi6 Subset 89||Molecular weight: 1124.28 Da
9.984, 9.999, 10.277, 10.452, 10.365, 10.394, 10.087, 10.394, 9.984, 10.716, 10.774, 10.496, 10.189, 10.409, 10.101, 10.058, 10.482, 10.278
RMARKGGGYE
>Swi6 Subset 90||Molecular weight: 1131.27 Da
8.258, 8.741, 8.931, 9.151, 8.77, 9.516, 9.048, 9.516, 8.361, 4.202, 9.209, 8.858, 8.887, 9.545, 8.712, 8.931, 9.092, 8.97
MARKGGGYEY
>Swi6 Subset 91||Molecular weight: 1113.24 Da
8.536, 8.741, 8.931, 9.151, 8.77, 9.516, 9.048, 9.516, 8.361, 4.202, 8.39, 8.858, 8.887, 9.545, 8.712, 8.931, 9.092, 8.937
ARKGGGYEYL
>Swi6 Subset 92||Molecular weight: 1155.32 Da
8.492, 8.741, 8.931, 9.151, 8.77, 9.516, 9.048, 9.516, 8.361, 4.202, 9.531, 8.858, 8.887, 9.545, 8.712, 8.931, 9.092, 9.005
RKGGGYEYLL
>Swi6 Subset 93||Molecular weight: 1127.31 Da
8.434, 8.668, 8.902, 9.121, 8.726, 9.458, 8.756, 9.472, 8.346, 4.202, 9.619, 8.858, 8.843, 9.487, 8.682, 8.902, 9.019, 8.956
KGGGYEYLLK
>Swi6 Subset 94||Molecular weight: 1185.34 Da
5.995, 6.198, 6.262, 6.389, 5.97, 6.825, 6.59, 6.81, 5.995, 2.104, 5.817, 6.135, 6.351, 6.825, 6.173, 6.465, 6.198, 6.312
GGGYEYLLKW
>Swi6 Subset 95||Molecular weight: 1257.41 Da
4.851, 4.444, 4.355, 4.253, 4.279, 4.329, 4.431, 4.266, 4.533, 2.015, 4.202, 4.304, 4.533, 4.317, 4.393, 4.342, 4.253, 4.38
GGYEYLLKWE
>Swi6 Subset 96||Molecular weight: 1257.41 Da
4.533, 4.444, 4.355, 4.253, 4.279, 4.329, 4.431, 4.266, 4.533, 2.015, 4.558, 4.304, 4.533, 4.317, 4.393, 4.342, 4.253, 4.383
GYEYLLKWEG
>Swi6 Subset 97||Molecular weight: 1363.53 Da
4.533, 4.444, 4.355, 4.253, 4.279, 4.329, 4.431, 4.266, 4.533, 0.299, 6.854, 4.304, 4.533, 4.317, 4.393, 4.342, 4.253, 4.526
YEYLLKWEGY
>Swi6 Subset 98||Molecular weight: 1315.44 Da
4.38, 4.151, 3.948, 3.923, 3.808, 3.884, 3.961, 3.834, 4.151, 1.952, 4.062, 3.846, 4.088, 3.872, 3.961, 3.859, 3.923, 3.978
EYLLKWEGYD
>Swi6 Subset 99||Molecular weight: 1301.42 Da
4.279, 4.151, 3.834, 3.872, 3.605, 3.745, 3.795, 3.706, 4.05, 1.952, 4.05, 3.681, 3.948, 3.745, 3.808, 3.656, 3.884, 3.863
YLLKWEGYDD
>Swi6 Subset 100||Molecular weight: 1235.36 Da
4.024, 4.151, 3.834, 3.872, 3.605, 3.745, 3.795, 3.706, 4.05, 3.719, 4.075, 3.681, 3.948, 3.745, 3.808, 3.656, 3.884, 3.849
LLKWEGYDDP
>Swi6 Subset 101||Molecular weight: 1209.28 Da
4.024, 4.151, 3.834, 3.872, 3.605, 3.745, 3.795, 3.706, 4.05, 3.719, 4.075, 3.681, 3.948, 3.745, 3.808, 3.656, 3.884, 3.849
LKWEGYDDPS
>Swi6 Subset 102||Molecular weight: 1211.21 Da
4.037, 3.986, 3.656, 3.694, 3.389, 3.541, 3.592, 3.503, 3.859, 3.592, 3.859, 3.478, 3.745, 3.541, 3.592, 3.439, 3.706, 3.663
KWEGYDDPSD
>Swi6 Subset 103||Molecular weight: 1197.14 Da
3.376, 3.376, 3.16, 3.261, 2.943, 2.816, 3.02, 2.778, 3.414, 1.748, 3.452, 2.994, 3.223, 2.829, 3.147, 2.969, 3.274, 3.127
WEGYDDPSDN
>Swi6 Subset 104||Molecular weight: 1112.03 Da
3.376, 3.376, 3.16, 3.261, 2.943, 2.816, 3.02, 2.778, 3.414, 1.748, 3.63, 2.994, 3.223, 2.829, 3.147, 2.969, 3.274, 3.138
EGYDDPSDNT
>Swi6 Subset 105||Molecular weight: 1169.13 Da
3.427, 3.452, 3.198, 3.338, 2.969, 2.854, 3.058, 2.816, 3.465, 1.799, 3.49, 3.02, 3.261, 2.867, 3.198, 3.007, 3.35, 3.173
GYDDPSDNTW
>Swi6 Subset 106||Molecular weight: 1199.15 Da
3.427, 3.452, 3.198, 3.338, 2.969, 2.854, 3.058, 2.816, 3.465, 1.799, 3.77, 3.02, 3.261, 2.867, 3.198, 3.007, 3.35, 3.191
YDDPSDNTWS
>Swi6 Subset 107||Molecular weight: 1123.05 Da
3.427, 3.452, 3.198, 3.338, 2.969, 2.854, 3.058, 2.816, 3.465, 3.719, 3.694, 3.02, 3.261, 2.867, 3.198, 3.007, 3.35, 3.186
DDPSDNTWSS
>Swi6 Subset 108||Molecular weight: 1137.08 Da
3.795, 3.452, 3.261, 3.376, 3.083, 2.905, 3.134, 2.867, 3.541, 3.719, 3.63, 3.109, 3.338, 2.918, 3.3, 3.109, 3.389, 3.263
DPSDNTWSSE
>Swi6 Subset 109||Molecular weight: 1093.07 Da
3.668, 3.567, 3.427, 3.554, 3.3, 3.045, 3.287, 3.007, 3.745, 3.897, 3.605, 3.3, 3.503, 3.058, 3.528, 3.312, 3.567, 3.404
PSDNTWSSEA
>Swi6 Subset 110||Molecular weight: 1111.04 Da
3.77, 3.452, 3.261, 3.376, 3.083, 2.905, 3.134, 2.867, 3.541, 3.719, 3.274, 3.109, 3.338, 2.918, 3.3, 3.109, 3.389, 3.239
SDNTWSSEAD
>Swi6 Subset 111||Molecular weight: 1127.1 Da
3.49, 3.452, 3.261, 3.376, 3.083, 2.905, 3.134, 2.867, 3.541, 1.799, 3.783, 3.109, 3.338, 2.918, 3.3, 3.109, 3.389, 3.253
DNTWSSEADC
>Swi6 Subset 112||Molecular weight: 1099.09 Da
3.668, 3.567, 3.427, 3.554, 3.3, 3.045, 3.287, 3.007, 3.745, 1.863, 3.706, 3.3, 3.503, 3.058, 3.528, 3.312, 3.567, 3.411
NTWSSEADCS
>Swi6 Subset 113||Molecular weight: 1042.04 Da
3.668, 3.567, 3.427, 3.554, 3.3, 3.045, 3.287, 3.007, 3.745, 1.863, 3.681, 3.3, 3.503, 3.058, 3.528, 3.312, 3.567, 3.409
TWSSEADCSG
>Swi6 Subset 114||Molecular weight: 1044.08 Da
3.668, 3.567, 3.427, 3.554, 3.3, 3.045, 3.287, 3.007, 3.745, 0.006, 3.77, 3.3, 3.503, 3.058, 3.528, 3.312, 3.567, 3.415
WSSEADCSGC
>Swi6 Subset 115||Molecular weight: 986.04 Da
4.368, 4.444, 4.19, 4.19, 4.012, 4.113, 4.19, 4.075, 4.393, 2.015, 4.393, 4.062, 4.317, 4.113, 4.19, 4.062, 4.19, 4.206
SSEADCSGCK
>Swi6 Subset 116||Molecular weight: 1027.09 Da
4.368, 4.444, 4.19, 4.19, 4.012, 4.113, 4.19, 4.075, 4.393, 2.015, 4.393, 4.062, 4.317, 4.113, 4.19, 4.062, 4.19, 4.206
SEADCSGCKQ
>Swi6 Subset 117||Molecular weight: 1053.17 Da
4.368, 4.444, 4.19, 4.19, 4.012, 4.113, 4.19, 4.075, 4.393, 2.015, 4.749, 4.062, 4.317, 4.113, 4.19, 4.062, 4.19, 4.228
EADCSGCKQL
>Swi6 Subset 118||Molecular weight: 1037.21 Da
5.868, 6.097, 5.881, 6.059, 5.092, 5.944, 5.575, 5.944, 5.855, 2.104, 5.804, 5.741, 6.071, 5.944, 5.893, 5.156, 5.906, 5.802
ADCSGCKQLI
>Swi6 Subset 119||Molecular weight: 1095.25 Da
4.749, 4.444, 4.19, 4.19, 4.012, 4.113, 4.19, 4.075, 4.393, 2.015, 4.304, 4.062, 4.317, 4.113, 4.19, 4.062, 4.19, 4.225
DCSGCKQLIE
>Swi6 Subset 120||Molecular weight: 1051.24 Da
5.982, 6.097, 6.059, 6.135, 5.359, 6.148, 5.83, 6.135, 5.995, 2.104, 7.673, 5.995, 6.3, 6.148, 6.071, 5.436, 5.957, 6.082
CSGCKQLIEA
>Swi6 Subset 121||Molecular weight: 1111.28 Da
5.715, 6.148, 6.135, 6.224, 5.499, 6.287, 5.982, 6.275, 5.995, 2.104, 6.364, 6.059, 6.326, 6.287, 6.122, 5.588, 6.046, 6.066
SGCKQLIEAY
>Swi6 Subset 122||Molecular weight: 1210.41 Da
5.995, 6.148, 6.135, 6.224, 5.499, 6.287, 5.982, 6.275, 5.995, 2.104, 5.804, 6.059, 6.326, 6.287, 6.122, 5.588, 6.046, 6.048
GCKQLIEAYW
>Swi6 Subset 123||Molecular weight: 1267.46 Da
5.995, 6.148, 6.135, 6.224, 5.499, 6.287, 5.982, 6.275, 5.995, 2.104, 7.673, 6.059, 6.326, 6.287, 6.122, 5.588, 6.046, 6.165
CKQLIEAYWN
>Swi6 Subset 124||Molecular weight: 1293.44 Da
4.851, 4.444, 4.355, 4.253, 4.279, 4.329, 4.431, 4.266, 4.533, 3.897, 4.66, 4.304, 4.533, 4.317, 4.393, 4.342, 4.253, 4.409
KQLIEAYWNE
>Swi6 Subset 125||Molecular weight: 1302.41 Da
4.507, 4.431, 4.342, 4.253, 4.279, 4.317, 4.393, 4.24, 4.52, 2.015, 4.355, 4.291, 4.533, 4.291, 4.38, 4.342, 4.24, 4.357
QLIEAYWNEH
>Swi6 Subset 126||Molecular weight: 1231.33 Da
4.507, 4.431, 4.342, 4.253, 4.279, 4.317, 4.393, 4.24, 4.52, 2.015, 4.546, 4.291, 4.533, 4.291, 4.38, 4.342, 4.24, 4.369
LIEAYWNEHG
>Swi6 Subset 127||Molecular weight: 1175.22 Da
4.507, 4.431, 4.342, 4.253, 4.279, 4.317, 4.393, 4.24, 4.52, 2.015, 4.546, 4.291, 4.533, 4.291, 4.38, 4.342, 4.24, 4.369
IEAYWNEHGG
>Swi6 Subset 128||Molecular weight: 1218.25 Da
5.397, 5.614, 5.334, 5.499, 5.55, 5.347, 5.219, 5.296, 5.525, 3.897, 5.614, 5.308, 5.614, 5.321, 5.575, 5.486, 5.258, 5.435
EAYWNEHGGR
>Swi6 Subset 129||Molecular weight: 1186.25 Da
6.795, 7.249, 7.102, 7.541, 7.146, 7.732, 7.38, 7.761, 6.898, 4.202, 7.22, 7.0, 7.293, 7.746, 7.263, 7.497, 7.117, 7.296
AYWNEHGGRP
>Swi6 Subset 130||Molecular weight: 1244.29 Da
5.55, 5.614, 5.334, 5.499, 5.55, 5.347, 5.219, 5.296, 5.525, 3.897, 5.499, 5.308, 5.614, 5.321, 5.575, 5.486, 5.258, 5.437
YWNEHGGRPE
>Swi6 Subset 131||Molecular weight: 1178.23 Da
5.397, 5.614, 5.334, 5.499, 5.55, 5.347, 5.219, 5.296, 5.525, 4.495, 5.461, 5.308, 5.614, 5.321, 5.575, 5.486, 5.258, 5.425
WNEHGGRPEP
>Swi6 Subset 132||Molecular weight: 1079.09 Da
5.397, 5.614, 5.334, 5.499, 5.55, 5.347, 5.219, 5.296, 5.525, 4.495, 5.41, 5.308, 5.614, 5.321, 5.575, 5.486, 5.258, 5.422
NEHGGRPEPS
>Swi6 Subset 133||Molecular weight: 1093.16 Da
6.854, 7.249, 7.102, 7.556, 7.146, 7.775, 7.234, 7.819, 6.912, 7.702, 7.849, 7.015, 7.307, 7.775, 7.278, 7.527, 7.132, 7.346
EHGGRPEPSK
>Swi6 Subset 134||Molecular weight: 1120.24 Da
10.833, 10.833, 11.067, 11.477, 11.096, 11.374, 10.452, 11.316, 11.023, 11.199, 11.813, 11.199, 11.023, 11.359, 11.023, 11.052, 11.345, 11.143
HGGRPEPSKR
>Swi6 Subset 135||Molecular weight: 1111.27 Da
10.994, 11.008, 11.257, 11.652, 11.272, 11.52, 10.54, 11.477, 11.199, 11.374, 11.286, 11.506, 11.199, 11.52, 11.199, 11.228, 11.506, 11.273
GGRPEPSKRK
>Swi6 Subset 136||Molecular weight: 1210.4 Da
11.725, 11.725, 11.769, 12.237, 11.798, 12.223, 11.55, 12.135, 11.754, 11.506, 12.296, 11.681, 11.754, 12.223, 11.754, 11.754, 12.208, 11.912
GRPEPSKRKR
>Swi6 Subset 137||Molecular weight: 1254.46 Da
11.725, 11.725, 11.769, 12.237, 11.798, 12.223, 11.55, 12.135, 11.754, 11.506, 12.296, 11.681, 11.754, 12.223, 11.754, 11.754, 12.208, 11.912
RPEPSKRKRT
>Swi6 Subset 138||Molecular weight: 1169.35 Da
11.008, 11.008, 11.257, 11.652, 11.272, 11.52, 10.54, 11.477, 11.199, 11.374, 11.155, 11.506, 11.199, 11.52, 11.199, 11.228, 11.506, 11.265
PEPSKRKRTA
>Swi6 Subset 139||Molecular weight: 1228.42 Da
11.725, 11.725, 11.769, 12.237, 11.798, 12.223, 11.55, 12.135, 11.754, 11.506, 12.296, 11.681, 11.754, 12.223, 11.754, 11.754, 12.208, 11.912
EPSKRKRTAR
>Swi6 Subset 140||Molecular weight: 1196.42 Da
12.31, 12.31, 12.325, 12.808, 12.354, 12.808, 12.149, 12.705, 12.31, 11.901, 12.808, 12.106, 12.31, 12.808, 12.31, 12.325, 12.793, 12.471
PSKRKRTARP
>Swi6 Subset 141||Molecular weight: 1227.48 Da
12.31, 12.31, 12.325, 12.822, 12.369, 12.808, 12.149, 12.72, 12.325, 11.974, 12.808, 12.193, 12.325, 12.808, 12.325, 12.325, 12.793, 12.482
SKRKRTARPK
>Swi6 Subset 142||Molecular weight: 1268.57 Da
12.31, 12.31, 12.34, 12.822, 12.369, 12.822, 12.149, 12.72, 12.325, 12.047, 12.808, 12.281, 12.325, 12.808, 12.325, 12.34, 12.793, 12.49
KRKRTARPKK
>Swi6 Subset 143||Molecular weight: 1237.52 Da
12.31, 12.31, 12.325, 12.822, 12.369, 12.808, 12.149, 12.72, 12.325, 11.974, 12.837, 12.193, 12.325, 12.808, 12.325, 12.325, 12.793, 12.484
RKRTARPKKP
>Swi6 Subset 144||Molecular weight: 1210.45 Da
11.096, 11.096, 11.359, 11.754, 11.374, 11.623, 10.613, 11.564, 11.301, 11.506, 11.403, 11.681, 11.301, 11.608, 11.301, 11.33, 11.608, 11.376
KRTARPKKPE
>Swi6 Subset 145||Molecular weight: 1153.35 Da
10.994, 11.008, 11.257, 11.652, 11.272, 11.52, 10.54, 11.477, 11.199, 11.374, 11.813, 11.506, 11.199, 11.52, 11.199, 11.228, 11.506, 11.306
RTARPKKPEA
>Swi6 Subset 146||Molecular weight: 1125.34 Da
10.292, 10.292, 10.774, 11.082, 10.774, 10.833, 9.531, 10.833, 10.672, 11.374, 10.321, 11.506, 10.672, 10.818, 10.672, 10.73, 10.833, 10.665
TARPKKPEAK
>Swi6 Subset 147||Molecular weight: 1153.35 Da
9.706, 9.706, 10.189, 10.496, 10.189, 10.306, 9.063, 10.321, 10.087, 11.023, 9.502, 11.023, 10.101, 10.306, 10.101, 10.16, 10.248, 10.094
ARPKKPEAKE
>Swi6 Subset 148||Molecular weight: 1179.38 Da
9.706, 9.706, 10.189, 10.496, 10.189, 10.306, 9.063, 10.321, 10.087, 11.023, 10.087, 11.023, 10.101, 10.306, 10.101, 10.16, 10.248, 10.131
RPKKPEAKEP
>Swi6 Subset 149||Molecular weight: 1110.28 Da
8.902, 8.741, 9.092, 9.443, 8.858, 9.721, 8.58, 9.765, 8.697, 10.716, 8.083, 9.502, 9.048, 9.721, 8.946, 9.311, 9.121, 9.096
PKKPEAKEPS
>Swi6 Subset 150||Molecular weight: 1110.28 Da
8.492, 8.741, 9.092, 9.443, 8.858, 9.721, 8.58, 9.765, 8.697, 10.716, 9.458, 9.502, 9.048, 9.721, 8.946, 9.311, 9.121, 9.156
KKPEAKEPSP
>Swi6 Subset 151||Molecular weight: 1110.28 Da
8.492, 8.741, 9.092, 9.443, 8.858, 9.721, 8.58, 9.765, 8.697, 10.716, 9.75, 9.502, 9.048, 9.721, 8.946, 9.311, 9.121, 9.174
KPEAKEPSPK
>Swi6 Subset 152||Molecular weight: 1069.18 Da
6.561, 6.351, 6.415, 6.532, 6.122, 7.044, 6.649, 7.059, 6.135, 7.702, 5.83, 6.287, 6.504, 7.059, 6.3, 6.649, 6.326, 6.489
PEAKEPSPKS
>Swi6 Subset 153||Molecular weight: 1128.25 Da
8.682, 8.829, 9.18, 9.531, 8.946, 9.838, 8.77, 9.882, 8.785, 10.716, 9.78, 9.502, 9.136, 9.838, 9.033, 9.399, 9.209, 9.271
EAKEPSPKSR
>Swi6 Subset 154||Molecular weight: 1127.31 Da
10.292, 10.292, 10.774, 11.082, 10.774, 10.833, 9.531, 10.833, 10.672, 11.374, 10.321, 11.506, 10.672, 10.818, 10.672, 10.73, 10.833, 10.665
AKEPSPKSRK
>Swi6 Subset 155||Molecular weight: 1157.34 Da
10.292, 10.292, 10.774, 11.082, 10.774, 10.833, 9.531, 10.833, 10.672, 11.374, 10.423, 11.506, 10.672, 10.818, 10.672, 10.73, 10.833, 10.671
KEPSPKSRKT
>Swi6 Subset 156||Molecular weight: 1144.25 Da
8.682, 8.829, 9.18, 9.531, 8.946, 9.838, 8.77, 9.882, 8.785, 10.716, 7.249, 9.502, 9.136, 9.838, 9.033, 9.399, 9.209, 9.113
EPSPKSRKTD
>Swi6 Subset 157||Molecular weight: 1144.25 Da
9.004, 8.829, 9.18, 9.531, 8.946, 9.838, 8.77, 9.882, 8.785, 10.716, 7.132, 9.502, 9.136, 9.838, 9.033, 9.399, 9.209, 9.126
PSPKSRKTDE
>Swi6 Subset 158||Molecular weight: 1162.22 Da
5.944, 6.44, 6.389, 6.561, 6.046, 7.015, 6.605, 7.044, 6.109, 7.702, 4.635, 6.224, 6.465, 7.029, 6.249, 6.576, 6.351, 6.355
SPKSRKTDED
>Swi6 Subset 159||Molecular weight: 1203.32 Da
8.902, 8.741, 9.092, 9.443, 8.843, 9.721, 8.58, 9.75, 8.697, 10.599, 9.37, 9.443, 9.033, 9.721, 8.946, 9.311, 9.107, 9.169
PKSRKTDEDK
>Swi6 Subset 160||Molecular weight: 1243.34 Da
8.507, 8.741, 9.092, 9.443, 8.873, 9.721, 8.58, 9.75, 8.712, 10.599, 9.414, 9.443, 9.048, 9.721, 8.946, 9.311, 9.121, 9.151
KSRKTDEDKH
>Swi6 Subset 161||Molecular weight: 1230.26 Da
5.499, 5.779, 5.359, 5.575, 5.512, 5.359, 5.207, 5.334, 5.55, 4.8, 4.711, 5.283, 5.614, 5.359, 5.563, 5.436, 5.347, 5.405
SRKTDEDKHD
>Swi6 Subset 162||Molecular weight: 1271.35 Da
6.751, 7.249, 7.102, 7.541, 7.146, 7.732, 7.073, 7.775, 6.912, 7.702, 9.37, 7.015, 7.307, 7.732, 7.263, 7.512, 7.132, 7.413
RKTDEDKHDK
>Swi6 Subset 163||Molecular weight: 1230.25 Da
4.889, 4.991, 4.596, 4.596, 4.342, 4.584, 4.584, 4.546, 4.736, 4.495, 4.774, 4.444, 4.736, 4.584, 4.495, 4.418, 4.584, 4.619
KTDEDKHDKD
>Swi6 Subset 164||Molecular weight: 1189.16 Da
4.355, 4.584, 4.19, 4.19, 3.897, 4.151, 4.164, 4.113, 4.342, 4.202, 4.368, 4.012, 4.304, 4.164, 4.075, 3.973, 4.19, 4.192
TDEDKHDKDS
>Swi6 Subset 165||Molecular weight: 1202.16 Da
4.355, 4.584, 4.19, 4.19, 3.897, 4.151, 4.164, 4.113, 4.342, 4.202, 4.52, 4.012, 4.304, 4.164, 4.075, 3.973, 4.19, 4.201
DEDKHDKDSN
>Swi6 Subset 166||Molecular weight: 1216.18 Da
4.609, 4.584, 4.266, 4.228, 4.037, 4.24, 4.279, 4.202, 4.418, 4.202, 4.406, 4.126, 4.406, 4.24, 4.19, 4.113, 4.215, 4.285
EDKHDKDSNE
>Swi6 Subset 167||Molecular weight: 1215.24 Da
5.436, 5.779, 5.359, 5.575, 5.512, 5.359, 5.207, 5.334, 5.55, 4.8, 5.588, 5.283, 5.614, 5.359, 5.563, 5.436, 5.347, 5.456
DKHDKDSNEK
>Swi6 Subset 168||Molecular weight: 1213.31 Da
6.751, 7.249, 7.102, 7.541, 7.146, 7.732, 7.059, 7.761, 6.912, 7.702, 8.375, 7.0, 7.307, 7.732, 7.263, 7.512, 7.117, 7.348
KHDKDSNEKI
>Swi6 Subset 169||Molecular weight: 1214.25 Da
4.952, 4.876, 4.596, 4.533, 4.444, 4.584, 4.622, 4.533, 4.749, 4.38, 4.825, 4.495, 4.762, 4.584, 4.558, 4.507, 4.52, 4.634
HDKDSNEKIE
>Swi6 Subset 170||Molecular weight: 1192.2 Da
4.266, 4.253, 3.935, 3.923, 3.694, 3.884, 3.923, 3.846, 4.101, 4.202, 4.05, 3.783, 4.05, 3.884, 3.859, 3.757, 3.91, 3.945
DKDSNEKIED
>Swi6 Subset 171||Molecular weight: 1176.25 Da
4.317, 4.418, 4.151, 4.101, 3.948, 4.113, 4.164, 4.062, 4.304, 4.38, 4.762, 4.012, 4.291, 4.113, 4.088, 4.012, 4.101, 4.185
KDSNEKIEDV
>Swi6 Subset 172||Molecular weight: 1162.18 Da
3.923, 3.986, 3.732, 3.732, 3.528, 3.63, 3.694, 3.592, 3.935, 4.024, 4.139, 3.579, 3.846, 3.63, 3.706, 3.579, 3.732, 3.748
DSNEKIEDVN
>Swi6 Subset 173||Molecular weight: 1176.2 Da
4.24, 3.986, 3.821, 3.783, 3.681, 3.745, 3.834, 3.681, 4.012, 4.024, 3.872, 3.719, 3.961, 3.732, 3.821, 3.732, 3.77, 3.837
SNEKIEDVNE
>Swi6 Subset 174||Molecular weight: 1217.3 Da
4.406, 4.418, 4.24, 4.151, 4.101, 4.215, 4.304, 4.164, 4.393, 4.38, 4.418, 4.151, 4.406, 4.215, 4.215, 4.177, 4.139, 4.257
NEKIEDVNEK
>Swi6 Subset 175||Molecular weight: 1204.3 Da
4.406, 4.418, 4.24, 4.151, 4.101, 4.215, 4.304, 4.164, 4.393, 4.38, 4.622, 4.151, 4.406, 4.215, 4.215, 4.177, 4.139, 4.27
EKIEDVNEKT
>Swi6 Subset 176||Molecular weight: 1188.34 Da
4.685, 4.711, 4.52, 4.431, 4.368, 4.495, 4.571, 4.444, 4.66, 4.673, 6.16, 4.418, 4.685, 4.482, 4.482, 4.444, 4.418, 4.623
KIEDVNEKTI
>Swi6 Subset 177||Molecular weight: 1188.34 Da
4.685, 4.711, 4.52, 4.431, 4.368, 4.495, 4.571, 4.444, 4.66, 4.673, 4.698, 4.418, 4.685, 4.482, 4.482, 4.444, 4.418, 4.532
IEDVNEKTIK
>Swi6 Subset 178||Molecular weight: 1222.36 Da
4.685, 4.711, 4.52, 4.431, 4.368, 4.495, 4.571, 4.444, 4.66, 4.673, 4.94, 4.418, 4.685, 4.482, 4.482, 4.444, 4.418, 4.547
EDVNEKTIKF
>Swi6 Subset 179||Molecular weight: 1164.32 Da
6.071, 6.351, 6.338, 6.491, 6.008, 6.971, 6.561, 6.985, 6.059, 7.702, 6.237, 6.186, 6.415, 6.971, 6.211, 6.547, 6.287, 6.418
DVNEKTIKFA
>Swi6 Subset 180||Molecular weight: 1164.32 Da
6.16, 6.351, 6.338, 6.491, 6.008, 6.971, 6.561, 6.985, 6.059, 7.702, 4.482, 6.186, 6.415, 6.971, 6.211, 6.547, 6.287, 6.314
VNEKTIKFAD
>Swi6 Subset 181||Molecular weight: 1193.37 Da
8.492, 8.741, 9.092, 9.443, 8.858, 9.721, 8.58, 9.765, 8.697, 10.716, 9.37, 9.502, 9.048, 9.721, 8.946, 9.311, 9.121, 9.151
NEKTIKFADK
>Swi6 Subset 182||Molecular weight: 1166.34 Da
8.595, 8.741, 9.092, 9.443, 8.858, 9.721, 8.58, 9.765, 8.697, 10.716, 8.083, 9.502, 9.048, 9.721, 8.946, 9.311, 9.121, 9.076
EKTIKFADKS
>Swi6 Subset 183||Molecular weight: 1165.35 Da
9.706, 9.706, 10.204, 10.511, 10.204, 10.306, 9.063, 10.321, 10.101, 11.199, 9.926, 11.199, 10.101, 10.306, 10.101, 10.175, 10.248, 10.136
KTIKFADKSQ
>Swi6 Subset 184||Molecular weight: 1166.3 Da
5.919, 6.351, 6.338, 6.491, 6.008, 6.971, 6.561, 6.985, 6.059, 7.702, 4.596, 6.186, 6.415, 6.971, 6.211, 6.547, 6.287, 6.306
TIKFADKSQE
>Swi6 Subset 185||Molecular weight: 1194.31 Da
4.94, 4.711, 4.52, 4.431, 4.368, 4.495, 4.571, 4.444, 4.66, 4.673, 4.368, 4.418, 4.685, 4.482, 4.482, 4.444, 4.418, 4.527
IKFADKSQEE
>Swi6 Subset 186||Molecular weight: 1228.32 Da
4.685, 4.711, 4.52, 4.431, 4.368, 4.495, 4.571, 4.444, 4.66, 4.673, 5.906, 4.418, 4.685, 4.482, 4.482, 4.444, 4.418, 4.608
KFADKSQEEF
>Swi6 Subset 187||Molecular weight: 1214.25 Da
4.139, 4.151, 3.948, 3.923, 3.808, 3.884, 3.961, 3.834, 4.151, 4.202, 4.24, 3.846, 4.088, 3.872, 3.961, 3.859, 3.923, 3.974
FADKSQEEFN
>Swi6 Subset 188||Molecular weight: 1196.19 Da
4.24, 3.986, 3.821, 3.783, 3.681, 3.745, 3.834, 3.681, 4.012, 4.024, 3.897, 3.719, 3.961, 3.732, 3.821, 3.732, 3.77, 3.838
ADKSQEEFNE
>Swi6 Subset 189||Molecular weight: 1239.22 Da
3.999, 3.986, 3.821, 3.783, 3.681, 3.745, 3.834, 3.681, 4.012, 4.024, 4.215, 3.719, 3.961, 3.732, 3.821, 3.732, 3.77, 3.843
DKSQEEFNEN
>Swi6 Subset 190||Molecular weight: 1181.18 Da
4.253, 4.151, 4.075, 3.986, 3.999, 4.024, 4.139, 3.961, 4.253, 4.202, 4.749, 4.012, 4.253, 4.012, 4.113, 4.062, 3.973, 4.126
KSQEEFNENG
>Swi6 Subset 191||Molecular weight: 1150.12 Da
3.668, 3.452, 3.439, 3.478, 3.427, 3.083, 3.363, 3.032, 3.732, 3.719, 3.694, 3.376, 3.554, 3.083, 3.592, 3.427, 3.465, 3.429
SQEEFNENGP
>Swi6 Subset 192||Molecular weight: 1160.16 Da
3.668, 3.452, 3.439, 3.478, 3.427, 3.083, 3.363, 3.032, 3.732, 3.719, 3.681, 3.376, 3.554, 3.083, 3.592, 3.427, 3.465, 3.428
QEEFNENGPP
>Swi6 Subset 193||Molecular weight: 1119.11 Da
3.668, 3.452, 3.439, 3.478, 3.427, 3.083, 3.363, 3.032, 3.732, 3.719, 4.037, 3.376, 3.554, 3.083, 3.592, 3.427, 3.465, 3.45
EEFNENGPPS
>Swi6 Subset 194||Molecular weight: 1047.05 Da
3.795, 3.567, 3.554, 3.617, 3.541, 3.185, 3.465, 3.121, 3.872, 3.897, 4.24, 3.478, 3.668, 3.185, 3.732, 3.541, 3.617, 3.574
EFNENGPPSG
>Swi6 Subset 195||Molecular weight: 1046.06 Da
3.999, 3.745, 3.745, 3.846, 3.745, 3.35, 3.643, 3.3, 4.101, 4.202, 4.215, 3.681, 3.846, 3.35, 3.961, 3.745, 3.859, 3.758
FNENGPPSGQ
>Swi6 Subset 196||Molecular weight: 996.0 Da
3.999, 3.745, 3.745, 3.846, 3.745, 3.35, 3.643, 3.3, 4.101, 4.202, 4.05, 3.681, 3.846, 3.35, 3.961, 3.745, 3.859, 3.748
NENGPPSGQP
>Swi6 Subset 197||Molecular weight: 996.0 Da
3.999, 3.745, 3.745, 3.846, 3.745, 3.35, 3.643, 3.3, 4.101, 4.202, 4.596, 3.681, 3.846, 3.35, 3.961, 3.745, 3.859, 3.782
ENGPPSGQPN
>Swi6 Subset 198||Molecular weight: 923.94 Da
5.525, 5.55, 5.703, 6.097, 5.499, 5.97, 5.982, 6.02, 5.652, 7.702, 5.575, 5.55, 5.703, 5.995, 5.83, 5.944, 5.919, 5.782
NGPPSGQPNG
>Swi6 Subset 199||Molecular weight: 946.97 Da
6.737, 7.249, 7.102, 7.556, 7.146, 7.79, 7.366, 7.849, 6.898, 7.702, 5.512, 7.0, 7.307, 7.805, 7.263, 7.527, 7.117, 7.201
GPPSGQPNGH
>Swi6 Subset 200||Molecular weight: 1003.08 Da
7.176, 7.249, 7.102, 7.556, 7.146, 7.79, 7.366, 7.849, 6.898, 7.702, 6.781, 7.0, 7.307, 7.805, 7.263, 7.527, 7.117, 7.308
PPSGQPNGHI
>Swi6 Subset 201||Molecular weight: 1035.08 Da
5.486, 5.448, 5.169, 5.359, 5.41, 5.169, 5.029, 5.13, 5.397, 4.202, 4.368, 5.143, 5.461, 5.156, 5.448, 5.334, 5.13, 5.227
PSGQPNGHIE
>Swi6 Subset 202||Molecular weight: 1025.04 Da
5.219, 5.448, 5.169, 5.359, 5.41, 5.169, 5.029, 5.13, 5.397, 4.202, 5.258, 5.143, 5.461, 5.156, 5.448, 5.334, 5.13, 5.266
SGQPNGHIES
>Swi6 Subset 203||Molecular weight: 1053.05 Da
4.635, 4.431, 4.177, 4.177, 4.012, 4.113, 4.164, 4.062, 4.38, 3.897, 3.935, 4.05, 4.304, 4.101, 4.19, 4.062, 4.177, 4.186
GQPNGHIESD
>Swi6 Subset 204||Molecular weight: 1110.1 Da
4.355, 4.431, 4.177, 4.177, 4.012, 4.113, 4.164, 4.062, 4.38, 3.897, 4.368, 4.05, 4.304, 4.101, 4.19, 4.062, 4.177, 4.195
QPNGHIESDN
>Swi6 Subset 205||Molecular weight: 1111.09 Da
4.418, 4.151, 3.948, 3.923, 3.795, 3.872, 3.948, 3.821, 4.151, 3.719, 3.91, 3.834, 4.088, 3.872, 3.961, 3.846, 3.923, 3.966
PNGHIESDNE
>Swi6 Subset 206||Molecular weight: 1101.05 Da
4.126, 4.151, 3.948, 3.923, 3.795, 3.872, 3.948, 3.821, 4.151, 3.719, 4.151, 3.834, 4.088, 3.872, 3.961, 3.846, 3.923, 3.963
NGHIESDNES
>Swi6 Subset 207||Molecular weight: 1115.12 Da
4.647, 4.711, 4.495, 4.418, 4.368, 4.482, 4.52, 4.418, 4.647, 4.202, 4.673, 4.406, 4.673, 4.469, 4.482, 4.431, 4.406, 4.515
GHIESDNESK
>Swi6 Subset 208||Molecular weight: 1145.15 Da
4.647, 4.711, 4.495, 4.418, 4.368, 4.482, 4.52, 4.418, 4.647, 4.202, 5.41, 4.406, 4.673, 4.469, 4.482, 4.431, 4.406, 4.561
HIESDNESKS
>Swi6 Subset 209||Molecular weight: 1105.12 Da
4.139, 4.151, 3.948, 3.923, 3.808, 3.884, 3.961, 3.834, 4.151, 4.202, 4.177, 3.846, 4.088, 3.872, 3.961, 3.859, 3.923, 3.97
IESDNESKSP
>Swi6 Subset 210||Molecular weight: 1079.04 Da
4.139, 4.151, 3.948, 3.923, 3.808, 3.884, 3.961, 3.834, 4.151, 4.202, 4.431, 3.846, 4.088, 3.872, 3.961, 3.859, 3.923, 3.986
ESDNESKSPS
>Swi6 Subset 211||Molecular weight: 1078.06 Da
4.368, 4.444, 4.19, 4.19, 4.012, 4.113, 4.19, 4.075, 4.393, 4.495, 4.393, 4.062, 4.317, 4.113, 4.19, 4.062, 4.19, 4.206
SDNESKSPSQ
>Swi6 Subset 212||Molecular weight: 1119.15 Da
6.071, 6.351, 6.338, 6.491, 6.008, 6.971, 6.561, 6.985, 6.059, 7.702, 7.132, 6.186, 6.415, 6.971, 6.211, 6.547, 6.287, 6.474
DNESKSPSQK
>Swi6 Subset 213||Molecular weight: 1133.18 Da
6.287, 6.351, 6.415, 6.532, 6.122, 7.044, 6.649, 7.059, 6.135, 7.702, 4.711, 6.287, 6.504, 7.059, 6.3, 6.649, 6.326, 6.402
NESKSPSQKE
>Swi6 Subset 214||Molecular weight: 1106.15 Da
6.237, 6.351, 6.415, 6.532, 6.122, 7.044, 6.649, 7.059, 6.135, 7.702, 5.97, 6.287, 6.504, 7.059, 6.3, 6.649, 6.326, 6.477
ESKSPSQKES
>Swi6 Subset 215||Molecular weight: 1091.14 Da
8.317, 8.829, 9.194, 9.531, 8.946, 9.838, 8.77, 9.882, 8.799, 10.906, 8.346, 9.604, 9.136, 9.838, 9.033, 9.414, 9.209, 9.168
SKSPSQKESN
>Swi6 Subset 216||Molecular weight: 1133.18 Da
6.287, 6.351, 6.415, 6.532, 6.122, 7.044, 6.649, 7.059, 6.135, 7.702, 7.146, 6.287, 6.504, 7.059, 6.3, 6.649, 6.326, 6.554
KSPSQKESNE
>Swi6 Subset 217||Molecular weight: 1092.08 Da
4.533, 4.444, 4.355, 4.253, 4.279, 4.329, 4.431, 4.266, 4.533, 4.495, 4.533, 4.304, 4.533, 4.317, 4.393, 4.342, 4.253, 4.381
SPSQKESNES
>Swi6 Subset 218||Molecular weight: 1134.12 Da
4.52, 4.151, 4.075, 3.986, 3.999, 4.024, 4.139, 3.961, 4.253, 4.202, 3.999, 4.012, 4.253, 4.012, 4.113, 4.062, 3.973, 4.096
PSQKESNESE
>Swi6 Subset 219||Molecular weight: 1152.09 Da
4.215, 3.986, 3.821, 3.783, 3.681, 3.745, 3.834, 3.681, 4.012, 4.024, 3.745, 3.719, 3.961, 3.732, 3.821, 3.732, 3.77, 3.827
SQKESNESED
>Swi6 Subset 220||Molecular weight: 1178.17 Da
3.999, 3.986, 3.821, 3.783, 3.681, 3.745, 3.834, 3.681, 4.012, 4.024, 4.012, 3.719, 3.961, 3.732, 3.821, 3.732, 3.77, 3.83
QKESNESEDI
>Swi6 Subset 221||Molecular weight: 1178.17 Da
3.999, 3.986, 3.821, 3.783, 3.681, 3.745, 3.834, 3.681, 4.012, 4.024, 4.355, 3.719, 3.961, 3.732, 3.821, 3.732, 3.77, 3.852
KESNESEDIQ
>Swi6 Subset 222||Molecular weight: 1163.16 Da
3.503, 3.376, 3.274, 3.338, 3.172, 2.931, 3.172, 2.893, 3.554, 3.592, 3.795, 3.16, 3.376, 2.943, 3.363, 3.185, 3.338, 3.273
ESNESEDIQI
>Swi6 Subset 223||Molecular weight: 1105.12 Da
3.579, 3.452, 3.35, 3.427, 3.223, 2.982, 3.223, 2.943, 3.63, 3.719, 3.605, 3.223, 3.427, 2.994, 3.439, 3.249, 3.427, 3.323
SNESEDIQIA
>Swi6 Subset 224||Molecular weight: 1147.16 Da
3.795, 3.376, 3.274, 3.338, 3.172, 2.931, 3.172, 2.893, 3.554, 3.592, 3.439, 3.16, 3.376, 2.943, 3.363, 3.185, 3.338, 3.269
NESEDIQIAE
>Swi6 Subset 225||Molecular weight: 1134.16 Da
3.503, 3.376, 3.274, 3.338, 3.172, 2.931, 3.172, 2.893, 3.554, 3.592, 3.795, 3.16, 3.376, 2.943, 3.363, 3.185, 3.338, 3.273
ESEDIQIAET
>Swi6 Subset 226||Molecular weight: 1102.16 Da
3.579, 3.452, 3.35, 3.427, 3.223, 2.982, 3.223, 2.943, 3.63, 3.719, 3.605, 3.223, 3.427, 2.994, 3.439, 3.249, 3.427, 3.323
SEDIQIAETP
>Swi6 Subset 227||Molecular weight: 1102.16 Da
3.579, 3.452, 3.35, 3.427, 3.223, 2.982, 3.223, 2.943, 3.63, 3.719, 3.923, 3.223, 3.427, 2.994, 3.439, 3.249, 3.427, 3.343
EDIQIAETPS
>Swi6 Subset 228||Molecular weight: 1087.15 Da
3.668, 3.567, 3.427, 3.554, 3.3, 3.045, 3.287, 3.007, 3.745, 3.897, 4.05, 3.3, 3.503, 3.058, 3.528, 3.312, 3.567, 3.432
DIQIAETPSN
>Swi6 Subset 229||Molecular weight: 1071.2 Da
3.999, 3.745, 3.745, 3.846, 3.745, 3.35, 3.643, 3.3, 4.101, 4.202, 4.088, 3.681, 3.846, 3.35, 3.961, 3.745, 3.859, 3.75
IQIAETPSNV
>Swi6 Subset 230||Molecular weight: 1059.14 Da
3.999, 3.745, 3.745, 3.846, 3.745, 3.35, 3.643, 3.3, 4.101, 4.202, 4.012, 3.681, 3.846, 3.35, 3.961, 3.745, 3.859, 3.745
QIAETPSNVT
>Swi6 Subset 231||Molecular weight: 1028.13 Da
3.999, 3.745, 3.745, 3.846, 3.745, 3.35, 3.643, 3.3, 4.101, 4.202, 4.088, 3.681, 3.846, 3.35, 3.961, 3.745, 3.859, 3.75
IAETPSNVTP
>Swi6 Subset 232||Molecular weight: 1043.14 Da
6.046, 6.211, 6.262, 6.415, 5.982, 6.927, 6.59, 6.942, 5.995, 7.702, 7.059, 6.135, 6.364, 6.927, 6.173, 6.517, 6.198, 6.421
AETPSNVTPK
>Swi6 Subset 233||Molecular weight: 1100.24 Da
8.682, 8.829, 9.194, 9.531, 8.946, 9.838, 8.77, 9.882, 8.799, 10.906, 9.56, 9.604, 9.136, 9.838, 9.033, 9.414, 9.209, 9.267
ETPSNVTPKK
>Swi6 Subset 234||Molecular weight: 1099.3 Da
10.306, 10.306, 10.804, 11.096, 10.804, 10.847, 9.545, 10.847, 10.701, 11.681, 10.335, 11.798, 10.701, 10.833, 10.701, 10.76, 10.847, 10.702
TPSNVTPKKK
>Swi6 Subset 235||Molecular weight: 1095.31 Da
10.306, 10.306, 10.804, 11.096, 10.804, 10.847, 9.545, 10.847, 10.701, 11.681, 10.116, 11.798, 10.701, 10.833, 10.701, 10.76, 10.847, 10.688
PSNVTPKKKP
>Swi6 Subset 236||Molecular weight: 1085.27 Da
10.306, 10.306, 10.804, 11.096, 10.804, 10.847, 9.545, 10.847, 10.701, 11.681, 10.101, 11.798, 10.701, 10.833, 10.701, 10.76, 10.847, 10.687
SNVTPKKKPS
>Swi6 Subset 237||Molecular weight: 1095.31 Da
10.306, 10.306, 10.804, 11.096, 10.804, 10.847, 9.545, 10.847, 10.701, 11.681, 10.116, 11.798, 10.701, 10.833, 10.701, 10.76, 10.847, 10.688
NVTPKKKPSP
>Swi6 Subset 238||Molecular weight: 1110.32 Da
9.706, 9.706, 10.204, 10.511, 10.204, 10.306, 9.063, 10.321, 10.101, 11.199, 9.502, 11.199, 10.101, 10.306, 10.101, 10.175, 10.248, 10.11
VTPKKKPSPE
>Swi6 Subset 239||Molecular weight: 1110.32 Da
9.706, 9.706, 10.204, 10.511, 10.204, 10.306, 9.063, 10.321, 10.101, 11.199, 9.502, 11.199, 10.101, 10.306, 10.101, 10.175, 10.248, 10.11
TPKKKPSPEV
>Swi6 Subset 240||Molecular weight: 1106.33 Da
9.721, 9.706, 10.204, 10.511, 10.204, 10.306, 9.063, 10.321, 10.101, 11.199, 9.545, 11.199, 10.101, 10.306, 10.101, 10.175, 10.248, 10.113
PKKKPSPEVP
>Swi6 Subset 241||Molecular weight: 1137.39 Da
9.999, 9.999, 10.496, 10.804, 10.496, 10.555, 9.238, 10.555, 10.394, 11.374, 10.233, 11.506, 10.409, 10.54, 10.409, 10.452, 10.54, 10.414
KKKPSPEVPK
>Swi6 Subset 242||Molecular weight: 1122.37 Da
9.706, 9.706, 10.204, 10.511, 10.204, 10.306, 9.063, 10.321, 10.101, 11.199, 9.926, 11.199, 10.101, 10.306, 10.101, 10.175, 10.248, 10.136
KKPSPEVPKL
>Swi6 Subset 243||Molecular weight: 1091.32 Da
8.595, 8.829, 9.194, 9.531, 8.946, 9.838, 8.77, 9.882, 8.799, 10.906, 9.677, 9.604, 9.136, 9.838, 9.033, 9.414, 9.209, 9.268
KPSPEVPKLP
>Swi6 Subset 244||Molecular weight: 1078.23 Da
4.673, 4.444, 4.19, 4.19, 4.012, 4.113, 4.19, 4.075, 4.393, 4.495, 3.872, 4.062, 4.317, 4.113, 4.19, 4.062, 4.19, 4.193
PSPEVPKLPD
>Swi6 Subset 245||Molecular weight: 1095.22 Da
4.368, 4.444, 4.19, 4.19, 4.012, 4.113, 4.19, 4.075, 4.393, 4.495, 4.393, 4.062, 4.317, 4.113, 4.19, 4.062, 4.19, 4.206
SPEVPKLPDN
>Swi6 Subset 246||Molecular weight: 1164.33 Da
6.491, 6.351, 6.338, 6.491, 6.008, 6.985, 6.649, 7.015, 6.059, 7.702, 7.205, 6.186, 6.415, 7.0, 6.224, 6.547, 6.287, 6.516
PEVPKLPDNR
>Swi6 Subset 247||Molecular weight: 1196.33 Da
4.94, 4.711, 4.52, 4.431, 4.368, 4.495, 4.571, 4.444, 4.66, 4.673, 4.558, 4.418, 4.685, 4.482, 4.482, 4.444, 4.418, 4.539
EVPKLPDNRE
>Swi6 Subset 248||Molecular weight: 1180.37 Da
6.046, 6.351, 6.338, 6.491, 6.008, 6.985, 6.649, 7.015, 6.059, 7.702, 6.059, 6.186, 6.415, 7.0, 6.224, 6.547, 6.287, 6.416
VPKLPDNREL
>Swi6 Subset 249||Molecular weight: 1182.34 Da
6.491, 6.351, 6.338, 6.491, 6.008, 6.985, 6.649, 7.015, 6.059, 7.702, 5.83, 6.186, 6.415, 7.0, 6.224, 6.547, 6.287, 6.43
PKLPDNRELT
>Swi6 Subset 250||Molecular weight: 1184.36 Da
6.071, 6.351, 6.338, 6.491, 6.008, 6.985, 6.649, 7.015, 6.059, 7.702, 8.551, 6.186, 6.415, 7.0, 6.224, 6.547, 6.287, 6.574
KLPDNRELTV
>Swi6 Subset 251||Molecular weight: 1184.36 Da
6.071, 6.351, 6.338, 6.491, 6.008, 6.985, 6.649, 7.015, 6.059, 7.702, 7.117, 6.186, 6.415, 7.0, 6.224, 6.547, 6.287, 6.484
LPDNRELTVK
>Swi6 Subset 252||Molecular weight: 1199.33 Da
6.491, 6.351, 6.338, 6.491, 6.008, 6.985, 6.649, 7.015, 6.059, 7.702, 5.69, 6.186, 6.415, 7.0, 6.224, 6.547, 6.287, 6.421
PDNRELTVKQ
>Swi6 Subset 253||Molecular weight: 1201.35 Da
6.071, 6.351, 6.338, 6.491, 6.008, 6.985, 6.649, 7.015, 6.059, 7.702, 6.173, 6.186, 6.415, 7.0, 6.224, 6.547, 6.287, 6.425
DNRELTVKQV
>Swi6 Subset 254||Molecular weight: 1215.37 Da
6.287, 6.351, 6.415, 6.532, 6.122, 7.073, 6.751, 7.088, 6.135, 7.702, 4.711, 6.287, 6.504, 7.073, 6.3, 6.649, 6.326, 6.413
NRELTVKQVE
>Swi6 Subset 255||Molecular weight: 1215.37 Da
6.148, 6.351, 6.415, 6.532, 6.122, 7.073, 6.751, 7.088, 6.135, 7.702, 8.507, 6.287, 6.504, 7.073, 6.3, 6.649, 6.326, 6.641
RELTVKQVEN
>Swi6 Subset 256||Molecular weight: 1222.36 Da
4.533, 4.444, 4.355, 4.253, 4.279, 4.329, 4.431, 4.266, 4.533, 3.897, 4.863, 4.304, 4.533, 4.317, 4.393, 4.342, 4.253, 4.402
ELTVKQVENY
>Swi6 Subset 257||Molecular weight: 1208.33 Da
4.673, 4.444, 4.19, 4.19, 4.012, 4.113, 4.19, 4.075, 4.393, 3.897, 3.948, 4.062, 4.317, 4.113, 4.19, 4.062, 4.19, 4.197
LTVKQVENYD
>Swi6 Subset 258||Molecular weight: 1182.25 Da
4.368, 4.444, 4.19, 4.19, 4.012, 4.113, 4.19, 4.075, 4.393, 3.897, 4.38, 4.062, 4.317, 4.113, 4.19, 4.062, 4.19, 4.205
TVKQVENYDS
>Swi6 Subset 259||Molecular weight: 1267.36 Da
4.368, 4.444, 4.19, 4.19, 4.012, 4.113, 4.19, 4.075, 4.393, 3.897, 4.406, 4.062, 4.317, 4.113, 4.19, 4.062, 4.19, 4.207
VKQVENYDSW
>Swi6 Subset 260||Molecular weight: 1297.34 Da
4.431, 4.151, 3.948, 3.923, 3.808, 3.884, 3.961, 3.834, 4.151, 3.719, 4.279, 3.846, 4.088, 3.872, 3.961, 3.859, 3.923, 3.995
KQVENYDSWE
>Swi6 Subset 261||Molecular weight: 1284.26 Da
3.681, 3.376, 3.21, 3.3, 3.045, 2.867, 3.096, 2.829, 3.478, 1.748, 3.236, 3.071, 3.3, 2.88, 3.249, 3.071, 3.3, 3.187
QVENYDSWED
>Swi6 Subset 262||Molecular weight: 1269.29 Da
3.439, 3.376, 3.21, 3.3, 3.045, 2.867, 3.096, 2.829, 3.478, 1.748, 3.49, 3.071, 3.3, 2.88, 3.249, 3.071, 3.3, 3.187
VENYDSWEDL
>Swi6 Subset 263||Molecular weight: 1269.29 Da
3.439, 3.376, 3.21, 3.3, 3.045, 2.867, 3.096, 2.829, 3.478, 1.748, 3.706, 3.071, 3.3, 2.88, 3.249, 3.071, 3.3, 3.201
ENYDSWEDLV
>Swi6 Subset 264||Molecular weight: 1227.25 Da
3.49, 3.452, 3.261, 3.376, 3.083, 2.905, 3.134, 2.867, 3.541, 1.799, 3.528, 3.109, 3.338, 2.918, 3.3, 3.109, 3.389, 3.238
NYDSWEDLVS
>Swi6 Subset 265||Molecular weight: 1200.22 Da
3.49, 3.452, 3.261, 3.376, 3.083, 2.905, 3.134, 2.867, 3.541, 1.799, 3.884, 3.109, 3.338, 2.918, 3.3, 3.109, 3.389, 3.26
YDSWEDLVSS
>Swi6 Subset 266||Molecular weight: 1150.21 Da
3.49, 3.452, 3.261, 3.376, 3.083, 2.905, 3.134, 2.867, 3.541, 3.719, 3.783, 3.109, 3.338, 2.918, 3.3, 3.109, 3.389, 3.253
DSWEDLVSSI
>Swi6 Subset 267||Molecular weight: 1150.21 Da
3.77, 3.452, 3.261, 3.376, 3.083, 2.905, 3.134, 2.867, 3.541, 3.719, 3.274, 3.109, 3.338, 2.918, 3.3, 3.109, 3.389, 3.239
SWEDLVSSID
>Swi6 Subset 268||Molecular weight: 1164.23 Da
3.49, 3.452, 3.261, 3.376, 3.083, 2.905, 3.134, 2.867, 3.541, 3.719, 3.579, 3.109, 3.338, 2.918, 3.3, 3.109, 3.389, 3.241
WEDLVSSIDT
>Swi6 Subset 269||Molecular weight: 1091.18 Da
3.49, 3.452, 3.261, 3.376, 3.083, 2.905, 3.134, 2.867, 3.541, 3.719, 3.808, 3.109, 3.338, 2.918, 3.3, 3.109, 3.389, 3.255
EDLVSSIDTI
>Swi6 Subset 270||Molecular weight: 1091.18 Da
3.795, 3.452, 3.261, 3.376, 3.083, 2.905, 3.134, 2.867, 3.541, 3.719, 3.63, 3.109, 3.338, 2.918, 3.3, 3.109, 3.389, 3.263
DLVSSIDTIE
>Swi6 Subset 271||Molecular weight: 1132.28 Da
4.368, 4.444, 4.19, 4.19, 4.012, 4.113, 4.19, 4.075, 4.393, 4.495, 4.418, 4.062, 4.317, 4.113, 4.19, 4.062, 4.19, 4.208
LVSSIDTIER
>Swi6 Subset 272||Molecular weight: 1147.29 Da
6.046, 6.351, 6.338, 6.491, 6.008, 6.985, 6.649, 7.015, 6.059, 7.702, 7.117, 6.186, 6.415, 7.0, 6.224, 6.547, 6.287, 6.482
VSSIDTIERK
>Swi6 Subset 273||Molecular weight: 1163.25 Da
4.774, 4.711, 4.393, 4.368, 4.164, 4.355, 4.393, 4.304, 4.558, 4.673, 4.151, 4.24, 4.52, 4.355, 4.329, 4.228, 4.368, 4.388
SSIDTIERKD
>Swi6 Subset 274||Molecular weight: 1191.26 Da
4.418, 4.418, 4.05, 4.062, 3.783, 3.999, 4.037, 3.961, 4.228, 4.38, 3.973, 3.884, 4.164, 4.012, 3.961, 3.846, 4.062, 4.054
SIDTIERKDD
>Swi6 Subset 275||Molecular weight: 1161.23 Da
4.228, 4.418, 4.05, 4.062, 3.783, 3.999, 4.037, 3.961, 4.228, 4.38, 4.266, 3.884, 4.164, 4.012, 3.961, 3.846, 4.062, 4.06
IDTIERKDDG
>Swi6 Subset 276||Molecular weight: 1149.18 Da
4.228, 4.418, 4.05, 4.062, 3.783, 3.999, 4.037, 3.961, 4.228, 4.38, 4.431, 3.884, 4.164, 4.012, 3.961, 3.846, 4.062, 4.07
DTIERKDDGT
>Swi6 Subset 277||Molecular weight: 1147.25 Da
4.558, 4.711, 4.393, 4.368, 4.164, 4.355, 4.393, 4.304, 4.558, 4.673, 4.571, 4.24, 4.52, 4.355, 4.329, 4.228, 4.368, 4.401
TIERKDDGTL
>Swi6 Subset 278||Molecular weight: 1175.26 Da
4.546, 4.418, 4.151, 4.101, 3.948, 4.113, 4.164, 4.062, 4.304, 4.38, 4.151, 4.012, 4.291, 4.113, 4.088, 4.012, 4.101, 4.161
IERKDDGTLE
>Swi6 Subset 279||Molecular weight: 1175.26 Da
4.317, 4.418, 4.151, 4.101, 3.948, 4.113, 4.164, 4.062, 4.304, 4.38, 4.546, 4.012, 4.291, 4.113, 4.088, 4.012, 4.101, 4.171
ERKDDGTLEI
>Swi6 Subset 280||Molecular weight: 1209.32 Da
4.558, 4.711, 4.393, 4.368, 4.164, 4.355, 4.393, 4.304, 4.558, 4.202, 6.912, 4.24, 4.52, 4.355, 4.329, 4.228, 4.368, 4.547
RKDDGTLEIY
>Swi6 Subset 281||Molecular weight: 1166.29 Da
4.024, 4.151, 3.834, 3.872, 3.605, 3.745, 3.795, 3.706, 4.05, 3.719, 4.507, 3.681, 3.948, 3.745, 3.808, 3.656, 3.884, 3.876
KDDGTLEIYL
>Swi6 Subset 282||Molecular weight: 1139.22 Da
3.49, 3.452, 3.261, 3.376, 3.083, 2.905, 3.134, 2.867, 3.541, 1.799, 3.783, 3.109, 3.338, 2.918, 3.3, 3.109, 3.389, 3.253
DDGTLEIYLT
>Swi6 Subset 283||Molecular weight: 1210.35 Da
3.668, 3.567, 3.427, 3.554, 3.3, 3.045, 3.287, 3.007, 3.745, 1.863, 4.05, 3.3, 3.503, 3.058, 3.528, 3.312, 3.567, 3.432
DGTLEIYLTW
>Swi6 Subset 284||Molecular weight: 1223.43 Da
5.995, 6.211, 6.262, 6.402, 5.97, 6.868, 6.59, 6.868, 5.995, 4.202, 6.956, 6.135, 6.351, 6.868, 6.173, 6.491, 6.198, 6.396
GTLEIYLTWK
>Swi6 Subset 285||Molecular weight: 1280.49 Da
5.664, 6.211, 6.262, 6.402, 5.97, 6.868, 6.59, 6.868, 5.995, 4.202, 5.868, 6.135, 6.351, 6.868, 6.173, 6.491, 6.198, 6.307
TLEIYLTWKN
>Swi6 Subset 286||Molecular weight: 1236.43 Da
5.995, 6.211, 6.262, 6.402, 5.97, 6.868, 6.59, 6.868, 5.995, 4.202, 6.008, 6.135, 6.351, 6.868, 6.173, 6.491, 6.198, 6.337
LEIYLTWKNG
>Swi6 Subset 287||Molecular weight: 1194.35 Da
6.097, 6.211, 6.262, 6.402, 5.97, 6.868, 6.59, 6.868, 5.995, 4.202, 6.249, 6.135, 6.351, 6.868, 6.173, 6.491, 6.198, 6.358
EIYLTWKNGA
>Swi6 Subset 288||Molecular weight: 1178.4 Da
8.595, 8.829, 9.063, 9.297, 8.887, 9.692, 9.063, 9.721, 8.507, 7.556, 8.492, 9.019, 9.019, 9.721, 8.858, 9.107, 9.194, 9.066
IYLTWKNGAI
>Swi6 Subset 289||Molecular weight: 1152.32 Da
8.595, 8.829, 9.063, 9.297, 8.887, 9.692, 9.063, 9.721, 8.507, 7.556, 9.663, 9.019, 9.019, 9.721, 8.858, 9.107, 9.194, 9.14
YLTWKNGAIS
>Swi6 Subset 290||Molecular weight: 1126.28 Da
8.756, 9.004, 9.355, 9.706, 9.121, 10.043, 9.077, 10.101, 8.96, 11.199, 7.951, 9.75, 9.297, 10.043, 9.209, 9.575, 9.37, 9.332
LTWKNGAISH
>Swi6 Subset 291||Molecular weight: 1150.26 Da
8.463, 9.019, 9.355, 9.706, 9.136, 10.043, 9.077, 10.101, 8.975, 11.199, 8.097, 9.75, 9.311, 10.058, 9.224, 9.589, 9.37, 9.33
TWKNGAISHH
>Swi6 Subset 292||Molecular weight: 1146.27 Da
8.77, 9.019, 9.355, 9.706, 9.136, 10.043, 9.077, 10.101, 8.975, 11.199, 9.077, 9.75, 9.311, 10.058, 9.224, 9.589, 9.37, 9.41
WKNGAISHHP
>Swi6 Subset 293||Molecular weight: 1047.14 Da
8.77, 9.019, 9.355, 9.706, 9.136, 10.043, 9.077, 10.101, 8.975, 11.199, 10.058, 9.75, 9.311, 10.058, 9.224, 9.589, 9.37, 9.471
KNGAISHHPS
>Swi6 Subset 294||Molecular weight: 1020.07 Da
6.912, 7.424, 7.263, 7.717, 7.337, 7.951, 7.512, 7.995, 7.088, 7.702, 6.751, 7.161, 7.468, 7.951, 7.454, 7.688, 7.278, 7.434
NGAISHHPST
>Swi6 Subset 295||Molecular weight: 1019.13 Da
6.912, 7.424, 7.263, 7.717, 7.337, 7.951, 7.512, 7.995, 7.088, 7.702, 6.956, 7.161, 7.468, 7.951, 7.454, 7.688, 7.278, 7.447
GAISHHPSTI
>Swi6 Subset 296||Molecular weight: 1063.18 Da
6.956, 7.424, 7.263, 7.717, 7.337, 7.951, 7.512, 7.995, 7.088, 7.702, 6.751, 7.161, 7.468, 7.951, 7.454, 7.688, 7.278, 7.437
AISHHPSTIT
>Swi6 Subset 297||Molecular weight: 1106.2 Da
6.912, 7.424, 7.263, 7.717, 7.337, 7.951, 7.512, 7.995, 7.088, 7.702, 6.839, 7.161, 7.468, 7.951, 7.454, 7.688, 7.278, 7.44
ISHHPSTITN
>Swi6 Subset 298||Molecular weight: 1121.22 Da
8.507, 9.019, 9.355, 9.706, 9.136, 10.043, 9.077, 10.101, 8.975, 11.199, 9.897, 9.75, 9.311, 10.058, 9.224, 9.589, 9.37, 9.445
SHHPSTITNK
>Swi6 Subset 299||Molecular weight: 1162.31 Da
9.999, 10.014, 10.511, 10.804, 10.496, 10.599, 9.37, 10.599, 10.394, 11.506, 10.175, 11.506, 10.409, 10.584, 10.409, 10.467, 10.54, 10.43
HHPSTITNKK
>Swi6 Subset 300||Molecular weight: 1128.31 Da
9.311, 9.151, 9.37, 9.677, 8.99, 9.867, 8.799, 9.911, 9.75, 10.906, 8.99, 9.853, 9.56, 9.867, 9.37, 9.414, 9.37, 9.453
HPSTITNKKC
>Swi6 Subset 301||Molecular weight: 1088.29 Da
9.37, 9.151, 9.37, 9.677, 8.975, 9.867, 8.799, 9.911, 9.75, 10.906, 9.063, 9.853, 9.56, 9.867, 9.37, 9.414, 9.37, 9.46
PSTITNKKCP
>Swi6 Subset 302||Molecular weight: 1119.3 Da
9.311, 9.151, 9.37, 9.677, 8.975, 9.867, 8.799, 9.911, 9.75, 10.906, 8.873, 9.853, 9.56, 9.867, 9.37, 9.414, 9.37, 9.445
STITNKKCPQ
>Swi6 Subset 303||Molecular weight: 1160.4 Da
9.794, 9.75, 10.218, 10.511, 10.204, 10.321, 9.077, 10.321, 10.204, 11.199, 9.867, 11.199, 10.145, 10.306, 10.116, 10.175, 10.248, 10.154
TITNKKCPQK
>Swi6 Subset 304||Molecular weight: 1190.48 Da
9.794, 9.75, 10.218, 10.511, 10.204, 10.321, 9.077, 10.321, 10.204, 11.199, 9.531, 11.199, 10.145, 10.306, 10.116, 10.175, 10.248, 10.132
ITNKKCPQKM
>Swi6 Subset 305||Molecular weight: 1190.48 Da
9.794, 9.75, 10.218, 10.511, 10.204, 10.321, 9.077, 10.321, 10.204, 11.199, 9.531, 11.199, 10.145, 10.306, 10.116, 10.175, 10.248, 10.132
TNKKCPQKML
>Swi6 Subset 306||Molecular weight: 1217.51 Da
9.794, 9.75, 10.218, 10.511, 10.204, 10.321, 9.077, 10.321, 10.204, 11.199, 9.531, 11.199, 10.145, 10.306, 10.116, 10.175, 10.248, 10.132
NKKCPQKMLQ
>Swi6 Subset 307||Molecular weight: 1250.58 Da
9.794, 9.75, 10.218, 10.511, 10.204, 10.321, 9.077, 10.321, 10.204, 11.199, 9.926, 11.199, 10.145, 10.306, 10.116, 10.175, 10.248, 10.157
KKCPQKMLQF
>Swi6 Subset 308||Molecular weight: 1285.58 Da
9.194, 9.048, 9.194, 9.399, 8.843, 9.633, 8.799, 9.663, 9.399, 7.468, 9.633, 9.282, 9.37, 9.648, 9.136, 9.077, 9.253, 9.286
KCPQKMLQFY
>Swi6 Subset 309||Molecular weight: 1286.53 Da
6.211, 6.148, 6.135, 6.224, 5.499, 6.287, 5.982, 6.275, 5.995, 2.104, 6.402, 6.059, 6.326, 6.287, 6.122, 5.588, 6.046, 6.099
CPQKMLQFYE
>Swi6 Subset 310||Molecular weight: 1270.47 Da
6.427, 6.211, 6.262, 6.402, 5.97, 6.868, 6.59, 6.868, 5.995, 4.202, 5.677, 6.135, 6.351, 6.868, 6.173, 6.491, 6.198, 6.343
PQKMLQFYES
>Swi6 Subset 311||Molecular weight: 1310.49 Da
6.751, 7.249, 7.102, 7.541, 7.146, 7.717, 7.22, 7.746, 6.898, 4.202, 5.588, 7.0, 7.293, 7.717, 7.263, 7.483, 7.117, 7.177
QKMLQFYESH
>Swi6 Subset 312||Molecular weight: 1295.52 Da
6.751, 7.249, 7.102, 7.541, 7.146, 7.717, 7.22, 7.746, 6.898, 4.202, 8.448, 7.0, 7.293, 7.717, 7.263, 7.483, 7.117, 7.356
KMLQFYESHL
>Swi6 Subset 313||Molecular weight: 1268.45 Da
5.219, 5.448, 5.169, 5.359, 5.41, 5.169, 5.029, 5.13, 5.397, 2.104, 5.283, 5.143, 5.461, 5.156, 5.448, 5.334, 5.13, 5.268
MLQFYESHLT
>Swi6 Subset 314||Molecular weight: 1284.43 Da
5.245, 5.448, 5.169, 5.359, 5.41, 5.169, 5.029, 5.13, 5.397, 2.104, 5.283, 5.143, 5.461, 5.156, 5.448, 5.334, 5.13, 5.27
LQFYESHLTF
>Swi6 Subset 315||Molecular weight: 1327.46 Da
6.751, 7.249, 7.102, 7.541, 7.146, 7.732, 7.38, 7.761, 6.898, 4.202, 7.966, 7.0, 7.293, 7.746, 7.263, 7.497, 7.117, 7.34
QFYESHLTFR
>Swi6 Subset 316||Molecular weight: 1328.45 Da
5.55, 5.614, 5.334, 5.499, 5.55, 5.347, 5.219, 5.296, 5.525, 3.897, 4.736, 5.308, 5.614, 5.321, 5.575, 5.486, 5.258, 5.39
FYESHLTFRE
>Swi6 Subset 317||Molecular weight: 1295.37 Da
5.397, 5.614, 5.334, 5.499, 5.55, 5.347, 5.219, 5.296, 5.525, 3.897, 6.664, 5.308, 5.614, 5.321, 5.575, 5.486, 5.258, 5.5
YESHLTFREN
>Swi6 Subset 318||Molecular weight: 1261.31 Da
4.965, 4.711, 4.596, 4.469, 4.533, 4.596, 4.66, 4.533, 4.749, 4.202, 4.622, 4.546, 4.8, 4.584, 4.609, 4.609, 4.444, 4.627
ESHLTFRENE
